Accuracy: 0.9010000228881836
Precision: 0.9132100939750671
Recall: 0.8934999704360962
AUC: 0.9929503202438354
F1-ScoreMacro: 0.8998511430757656
F1-ScoreMicro: 0.901
